Game 2:
Playing against marcomelilli/four-in-a-row-js-minimax (https://github.com/marcomelilli/four-in-a-row-js-minimax)
MCTS thinking time 5s vs MiniMax of depth 4 (MCTS plays as 1)

0 0 0 0 0 0 0  
0 0 0 0 0 0 0  
0 0 0 0 0 0 0  
0 0 0 0 0 0 0  
0 0 0 0 0 0 0  
0 0 0 0 0 0 0  
 

0 0 0 0 0 0 0  
0 0 0 0 0 0 0  
0 0 0 0 0 0 0  
0 0 0 0 0 0 0  
0 0 0 0 0 0 0  
0 0 0 1 0 0 0  
 

 
0 0 0 0 0 0 0  
0 0 0 0 0 0 0  
0 0 0 0 0 0 0  
0 0 0 0 0 0 0  
0 0 0 0 0 0 0  
0 0 0 1 0 2 0  
 


0 0 0 0 0 0 0  
0 0 0 0 0 0 0  
0 0 0 0 0 0 0  
0 0 0 0 0 0 0  
0 0 0 1 0 0 0  
0 0 0 1 0 2 0  
 

 
0 0 0 0 0 0 0  
0 0 0 0 0 0 0  
0 0 0 0 0 0 0  
0 0 0 2 0 0 0  
0 0 0 1 0 0 0  
0 0 0 1 0 2 0  
 
 

0 0 0 0 0 0 0  
0 0 0 0 0 0 0  
0 0 0 0 0 0 0  
0 0 0 2 0 0 0  
0 0 0 1 0 1 0  
0 0 0 1 0 2 0  
 

 
0 0 0 0 0 0 0  
0 0 0 0 0 0 0  
0 0 0 0 0 0 0  
0 0 0 2 0 0 0  
0 0 0 1 0 1 0  
0 2 0 1 0 2 0  
 


0 0 0 0 0 0 0  
0 0 0 0 0 0 0  
0 0 0 1 0 0 0  
0 0 0 2 0 0 0  
0 0 0 1 0 1 0  
0 2 0 1 0 2 0  
 

 
0 0 0 0 0 0 0  
0 0 0 0 0 0 0  
0 0 0 1 0 0 0  
0 0 0 2 0 0 0  
0 2 0 1 0 1 0  
0 2 0 1 0 2 0  
 
 

0 0 0 0 0 0 0  
0 0 0 0 0 0 0  
0 0 0 1 0 0 0  
0 1 0 2 0 0 0  
0 2 0 1 0 1 0  
0 2 0 1 0 2 0  
 

 
0 0 0 0 0 0 0  
0 0 0 0 0 0 0  
0 2 0 1 0 0 0  
0 1 0 2 0 0 0  
0 2 0 1 0 1 0  
0 2 0 1 0 2 0  
 
 

0 0 0 0 0 0 0  
0 0 0 0 0 0 0  
0 2 0 1 0 0 0  
0 1 0 2 0 1 0  
0 2 0 1 0 1 0  
0 2 0 1 0 2 0  
 

 
0 0 0 0 0 0 0  
0 0 0 0 0 0 0  
0 2 0 1 0 2 0  
0 1 0 2 0 1 0  
0 2 0 1 0 1 0  
0 2 0 1 0 2 0  
 
 

0 0 0 0 0 0 0  
0 0 0 0 0 0 0  
0 2 0 1 0 2 0  
0 1 0 2 0 1 0  
0 2 0 1 0 1 0  
0 2 0 1 0 2 1  
 

 
0 0 0 0 0 0 0  
0 0 0 0 0 2 0  
0 2 0 1 0 2 0  
0 1 0 2 0 1 0  
0 2 0 1 0 1 0  
0 2 0 1 0 2 1  
 
 

0 0 0 0 0 0 0  
0 0 0 0 0 2 0  
0 2 0 1 0 2 0  
0 1 0 2 0 1 0  
0 2 0 1 0 1 1  
0 2 0 1 0 2 1  
 

 
0 0 0 0 0 0 0  
0 2 0 0 0 2 0  
0 2 0 1 0 2 0  
0 1 0 2 0 1 0  
0 2 0 1 0 1 1  
0 2 0 1 0 2 1  
 
 

0 0 0 0 0 0 0  
0 2 0 0 0 2 0  
0 2 0 1 0 2 0  
0 1 0 2 0 1 0  
0 2 0 1 0 1 1  
0 2 0 1 1 2 1  
 

 
0 0 0 0 0 0 0  
0 2 0 2 0 2 0  
0 2 0 1 0 2 0  
0 1 0 2 0 1 0  
0 2 0 1 0 1 1  
0 2 0 1 1 2 1  
 
 

0 0 0 0 0 0 0  
0 2 0 2 0 2 0  
0 2 0 1 0 2 0  
0 1 0 2 0 1 0  
0 2 0 1 1 1 1  
0 2 0 1 1 2 1  
 
1 wins!

Notes on game: This MiniMax seemed much more competent (and utilized pruning). The MiniMax ran in very impressive times (<1 s).
However the MCTS (5s thinking time) still won, again with an impressive trap