Game 4:
Playing against marcomelilli/four-in-a-row-js-minimax (https://github.com/marcomelilli/four-in-a-row-js-minimax)
MCTS thinking time 5s vs MiniMax of depth 8 (MCTS plays as 1)

0 0 0 0 0 0 0  
0 0 0 0 0 0 0  
0 0 0 0 0 0 0  
0 0 0 0 0 0 0  
0 0 0 0 0 0 0  
0 0 0 0 0 0 0  
 
56662
0 0 0 0 0 0 0  
0 0 0 0 0 0 0  
0 0 0 0 0 0 0  
0 0 0 0 0 0 0  
0 0 0 0 0 0 0  
0 0 0 1 0 0 0  
 

 
0 0 0 0 0 0 0  
0 0 0 0 0 0 0  
0 0 0 0 0 0 0  
0 0 0 0 0 0 0  
0 0 0 2 0 0 0  
0 0 0 1 0 0 0  
 
 
143158
0 0 0 0 0 0 0  
0 0 0 0 0 0 0  
0 0 0 0 0 0 0  
0 0 0 1 0 0 0  
0 0 0 2 0 0 0  
0 0 0 1 0 0 0  
 

 
0 0 0 0 0 0 0  
0 0 0 0 0 0 0  
0 0 0 0 0 0 0  
0 0 0 1 0 0 0  
0 0 0 2 0 0 0  
0 0 0 1 0 2 0  
 
 
162528
0 0 0 0 0 0 0  
0 0 0 0 0 0 0  
0 0 0 0 0 0 0  
0 0 0 1 0 0 0  
0 0 0 2 0 1 0  
0 0 0 1 0 2 0  
 

 
0 0 0 0 0 0 0  
0 0 0 0 0 0 0  
0 0 0 0 0 0 0  
0 0 0 1 0 0 0  
0 0 0 2 0 1 0  
0 0 2 1 0 2 0  
 
 
160046
0 0 0 0 0 0 0  
0 0 0 0 0 0 0  
0 0 0 0 0 0 0  
0 0 0 1 0 0 0  
0 0 1 2 0 1 0  
0 0 2 1 0 2 0  
 

 
0 0 0 0 0 0 0  
0 0 0 0 0 0 0  
0 0 0 2 0 0 0  
0 0 0 1 0 0 0  
0 0 1 2 0 1 0  
0 0 2 1 0 2 0  
 
 
160561
0 0 0 0 0 0 0  
0 0 0 0 0 0 0  
0 0 0 2 0 0 0  
0 0 1 1 0 0 0  
0 0 1 2 0 1 0  
0 0 2 1 0 2 0  
 

 
0 0 0 0 0 0 0  
0 0 0 0 0 0 0  
0 0 2 2 0 0 0  
0 0 1 1 0 0 0  
0 0 1 2 0 1 0  
0 0 2 1 0 2 0  
 
 
170086
0 0 0 0 0 0 0  
0 0 0 1 0 0 0  
0 0 2 2 0 0 0  
0 0 1 1 0 0 0  
0 0 1 2 0 1 0  
0 0 2 1 0 2 0  
 

 
0 0 0 0 0 0 0  
0 0 0 1 0 0 0  
0 0 2 2 0 0 0  
0 0 1 1 0 2 0  
0 0 1 2 0 1 0  
0 0 2 1 0 2 0  
 
 
162237
0 0 0 0 0 0 0  
0 0 0 1 0 0 0  
0 0 2 2 0 1 0  
0 0 1 1 0 2 0  
0 0 1 2 0 1 0  
0 0 2 1 0 2 0  
 

 
0 0 0 0 0 0 0  
0 0 0 1 0 2 0  
0 0 2 2 0 1 0  
0 0 1 1 0 2 0  
0 0 1 2 0 1 0  
0 0 2 1 0 2 0  
 
 
167108
0 0 0 1 0 0 0  
0 0 0 1 0 2 0  
0 0 2 2 0 1 0  
0 0 1 1 0 2 0  
0 0 1 2 0 1 0  
0 0 2 1 0 2 0  
 

 
0 0 0 1 0 0 0  
0 0 0 1 0 2 0  
0 0 2 2 0 1 0  
0 0 1 1 0 2 0  
0 0 1 2 0 1 0  
0 2 2 1 0 2 0  
 
 
194557
0 0 0 1 0 0 0  
0 0 1 1 0 2 0  
0 0 2 2 0 1 0  
0 0 1 1 0 2 0  
0 0 1 2 0 1 0  
0 2 2 1 0 2 0  
 

 
0 0 0 1 0 0 0  
0 0 1 1 0 2 0  
0 0 2 2 0 1 0  
0 0 1 1 0 2 0  
0 0 1 2 0 1 0  
0 2 2 1 2 2 0  
 
 
246208
0 0 0 1 0 0 0  
0 0 1 1 0 2 0  
0 0 2 2 0 1 0  
0 0 1 1 0 2 0  
0 1 1 2 0 1 0  
0 2 2 1 2 2 0  
 

 
0 0 0 1 0 0 0  
0 0 1 1 0 2 0  
0 0 2 2 0 1 0  
0 2 1 1 0 2 0  
0 1 1 2 0 1 0  
0 2 2 1 2 2 0  
 
 
227769
0 0 0 1 0 0 0  
0 0 1 1 0 2 0  
0 1 2 2 0 1 0  
0 2 1 1 0 2 0  
0 1 1 2 0 1 0  
0 2 2 1 2 2 0  
 

 
0 0 0 1 0 0 0  
0 0 1 1 0 2 0  
0 1 2 2 0 1 0  
0 2 1 1 0 2 0  
0 1 1 2 0 1 0  
0 2 2 1 2 2 2  
 
 
248878
0 0 0 1 0 0 0  
0 1 1 1 0 2 0  
0 1 2 2 0 1 0  
0 2 1 1 0 2 0  
0 1 1 2 0 1 0  
0 2 2 1 2 2 2  
 

 
0 0 2 1 0 0 0  
0 1 1 1 0 2 0  
0 1 2 2 0 1 0  
0 2 1 1 0 2 0  
0 1 1 2 0 1 0  
0 2 2 1 2 2 2  
 
 
343013
0 0 2 1 0 0 0  
0 1 1 1 0 2 0  
0 1 2 2 0 1 0  
0 2 1 1 0 2 0  
0 1 1 2 1 1 0  
0 2 2 1 2 2 2  
 

 
0 0 2 1 0 0 0  
0 1 1 1 0 2 0  
0 1 2 2 0 1 0  
0 2 1 1 2 2 0  
0 1 1 2 1 1 0  
0 2 2 1 2 2 2  
 
 
594776
0 0 2 1 0 1 0  
0 1 1 1 0 2 0  
0 1 2 2 0 1 0  
0 2 1 1 2 2 0  
0 1 1 2 1 1 0  
0 2 2 1 2 2 2  
 

 
0 0 2 1 0 1 0  
0 1 1 1 0 2 0  
0 1 2 2 0 1 0  
0 2 1 1 2 2 0  
0 1 1 2 1 1 0  
2 2 2 1 2 2 2  
 
 
1200791
0 1 2 1 0 1 0  
0 1 1 1 0 2 0  
0 1 2 2 0 1 0  
0 2 1 1 2 2 0  
0 1 1 2 1 1 0  
2 2 2 1 2 2 2  
 

 
0 1 2 1 0 1 0  
0 1 1 1 0 2 0  
0 1 2 2 0 1 0  
0 2 1 1 2 2 0  
2 1 1 2 1 1 0  
2 2 2 1 2 2 2  
 
 
2255148
0 1 2 1 0 1 0  
0 1 1 1 0 2 0  
0 1 2 2 0 1 0  
1 2 1 1 2 2 0  
2 1 1 2 1 1 0  
2 2 2 1 2 2 2  
 
1 wins!

Notes on game: Again the MCTS wins, this time against the max depth MiniMax (depth 8). The MiniMax too significantly longer times (about 10s) compared to the MCTS(5s). The number of simulations the MCTS ran before each of its turns is also shown in this file. 
As one can see it goes up as the game reaches the end. 